[app/ui]
version = 7.1.3
modtime = 1549981691.385113000

[app/launcher]
version = 7.1.3
modtime = 1549981691.387309000
